540101,540101,77652.9
14,60,4812,80.2
15,80,688,8.6
7,72,2361.6,32.8
6,33,448.8,13.6
10,88,985.6,11.2
8,25,327.5,13.1
20,25,417.5,16.7
12,75,2812.5,37.5
1,78,943.8,12.1
5,28,674.8,24.1
11,150,7875,52.5

2,1,17106.3
2,2939,60837.3,20.7
3,33,264,8
4,87,1383.3,15.9
5,60,1446,24.1
20,45,751.5,16.7
19,78,4656.6,59.7
12,258,9675,37.5
10,28,313.6,11.2
7,72,2361.6,32.8
9,48,1204.8,25.1

12345,12345,33803.4
20,58,968.6,16.7
19,57,3402.9,59.7
18,78,5709.6,73.2
17,57,6857.1,120.3
16,24,770.4,32.1
15,50,430,8.6
14,37,2967.4,80.2
13,78,2160.6,27.7
12,127,4762.5,37.5
11,727,38167.5,52.5

aline47,lyz540101,89333.3
5,79,1903.9,24.1
8,31,406.1,13.1
14,50,4010,80.2
10,301,3371.2,11.2
15,67,576.2,8.6
1,33,399.3,12.1

abc,abc,100000

22,22,100000

25,25,100000

csgo,gogo,100000

99,99,100000

kimi,suki,100000

qwe,qwe,100000

railgun,level5,100000

